electoralDistricts = ["Adana", "Adiyaman", "Afyon", "Agri", "Aksaray", "Amasya", "Ankara", "Antalya", "Ardahan",
                      "Artvin", "Aydin", "Balikesir", "Bartin", "Batman", "Bayburt", "Bilecik", "Bingol", "Bitlis",
                      "Bolu", "Burdur", "Bursa", "Canakkale", "Cankiri", "Corum", "Denizli", "Diyarbakir", "Duzce",
                      "Edirne", "Elazig", "Erzincan", "Erzurum", "Eskisehir", "Gaziantep", "Giresun", "Gumushane",
                      "Hakkari", "Hatay", "Igdir", "Isparta", "Istanbul", "Izmir", "Kahramanmaras", "Karabuk",
                      "Karaman", "Kars", "Kastamonu", "Kayseri", "Kirikkale", "Kirklareli", "Kirsehir", "Kilis",
                      "Kocaeli", "Konya", "Kutahya", "Malatya", "Manisa", "Mardin", "Mersin", "Mugla", "Mus",
                      "Nevsehir", "Nigde", "Ordu", "Osmaniye", "Rize", "Sakarya", "Samsun", "Siirt", "Sinop",
                      "Sivas", "Sanliurfa", "Sirnak", "Tekirdag", "Tokat", "Trabzon", "Tunceli", "Usak", "Van",
                      "Yalova", "Yozgat", "Zonguldak"]
voteNumbersOfParties = [
    [229729, 182436, 98440, 97700, 75464],
    [88831, 28710, 20935, 10238, 4518],
    [149518, 43488, 48075, 49177, 18947],
    [26219, 14230, 11550, 7835, 2177],
    [74784, 17527, 15195, 17784, 6364],
    [75080, 43864, 20383, 19100, 5362],
    [820260, 603385, 116611, 184826, 146163],
    [159733, 233463, 110696, 78264, 41523],
    [6746, 12561, 10308, 5053, 1203],
    [23979, 26243, 21493, 10582, 1599],
    [89713, 101830, 97232, 58815, 47789],
    [213569, 125095, 94728, 50500, 56729],
    [29670, 14268, 14740, 13697, 6313],
    [30654, 10229, 14255, 2942, 1169],
    [10162, 946, 5557, 4642, 399],
    [27453, 20279, 24055, 11009, 10629],
    [28198, 6998, 5796, 7801, 886],
    [18151, 4644, 9549, 6615, 945],
    [66842, 18099, 18637, 11902, 10845],
    [40773, 29359, 30005, 18998, 9218],
    [469280, 173299, 130414, 73717, 98740],
    [71358, 63191, 46738, 27304, 24707],
    [52858, 6737, 15993, 14950, 2994],
    [153533, 70243, 24917, 27524, 9514],
    [107842, 92614, 80286, 45551, 45639],
    [67298, 24963, 30330, 6415, 7323],
    [85194, 13933, 19618, 6392, 12091],
    [20257, 66877, 38250, 21889, 43109],
    [102474, 21613, 4387, 16165, 3931],
    [44377, 30358, 11075, 7937, 2505],
    [184870, 19495, 21269, 36749, 7578],
    [119410, 91163, 56673, 35740, 46122],
    [193995, 93033, 30781, 33617, 34839],
    [99078, 30724, 21718, 14970, 6877],
    [27538, 5701, 8626, 10759, 775],
    [5115, 6121, 1134, 2994, 515],
    [166403, 143792, 47557, 60643, 31944],
    [4015, 9175, 6123, 8204, 468],
    [90272, 28570, 41056, 24950, 9853],
    [1943776, 1257330, 189373, 263208, 429475],
    [321865, 544862, 174838, 146155, 328338],
    [216388, 45123, 36163, 34456, 8695],
    [57026, 13617, 17805, 8150, 5959],
    [42994, 20433, 8532, 14828, 3866],
    [20831, 20227, 12875, 14257, 3719],
    [65228, 24076, 42786, 27720, 11997],
    [272762, 56965, 26318, 57367, 24902],
    [74813, 19574, 15030, 21478, 6800],
    [23555, 61619, 26561, 13668, 24100],
    [36082, 25200, 4068, 24700, 6481],
    [18308, 3290, 7637, 5027, 1058],
    [277461, 120719, 40370, 39146, 43250],
    [487700, 76314, 64660, 83944, 26122],
    [167299, 26530, 43468, 23757, 19709],
    [161658, 57681, 23133, 19227, 7507],
    [216455, 126511, 137619, 62015, 68011],
    [34746, 26151, 18509, 6241, 3475],
    [122995, 168372, 59462, 125370, 46905],
    [50816, 106937, 87454, 43675, 39890],
    [21876, 8067, 15009, 3999, 1236],
    [64415, 21252, 15160, 18318, 5271],
    [64415, 28815, 17150, 14791, 4627],
    [142198, 53970, 43253, 27076, 21824],
    [62623, 27640, 19179, 58622, 5569],
    [72005, 12102, 12058, 5158, 1228],
    [189246, 29668, 26581, 20866, 108822],
    [269209, 88761, 77850, 41748, 36686],
    [14728, 7481, 3993, 5979, 954],
    [35888, 20389, 12448, 10440, 6899],
    [138851, 49267, 12992, 28194, 7269],
    [99331, 42946, 71507, 34442, 7406],
    [14512, 4876, 5356, 2979, 1300],
    [55935, 89159, 40088, 28567, 43022],
    [136288, 61081, 27795, 34780, 8968],
    [164094, 54668, 40049, 31364, 6191],
    [2759, 10188, 5477, 4075, 315],
    [48197, 43712, 19360, 18782, 20115],
    [66797, 13307, 16743, 8297, 5578],
    [31681, 16506, 7247, 13891, 6437],
    [123540, 29130, 15885, 31183, 6805],
    [101652, 69580, 41916, 13897, 31051]
]
partyNames = ["Adalet ve Kalkinma Partisi", "Cumhuriyet Halk Partisi", "Dogru Yol Partisi",
              "Milliyetci Hareket Partisi", "Genc Parti"]
districtDeputyNumbers = [14, 5, 7, 5, 4, 3, 29, 13, 2, 2, 8, 8, 2, 4, 2, 2, 3, 4, 3, 3, 16, 4, 3, 5, 7, 10, 3, 4, 5, 3, 7, 6, 10, 5, 2, 3, 10, 2, 5, 70, 24, 8, 3, 3, 3, 4, 8, 4, 3, 3, 2, 9, 16, 6, 7, 10, 6, 12, 6, 4, 3, 3, 7, 4, 3, 6, 9, 3, 3, 6, 11, 3, 5, 7, 8, 2, 3, 7, 2, 6, 5]
countrywidePercentages = [34.28, 19.39, 9.54, 8.36, 7.25]
